0 1
0 2
0 3
1 4
1 5
2 6
3 7
4 8
5 9
6 10
7 11
8 12
9 13
10 14
11 15
12 16
13 17
14 18
15 19
16 20
17 21
18 22
19 23
20 24
21 25
22 26
23 27
24 28
25 29
26 30
27 31
28 32
29 33
30 34
31 35
32 36
33 37
34 38
35 39
36 40
37 41
38 42
39 43
40 44
41 45
42 46
43 47
44 48
45 49
5 1
10 6
15 11
20 16
25 21
30 26
35 31
40 36
45 41
2 0
3 0
4 1
6 2
7 3
8 4
9 5
11 7
12 8
13 9
14 10
16 12
17 13
18 14
19 15
21 17
22 18
23 19
24 20
26 22
27 23
28 24
29 25
31 27
32 28
33 29
34 30
36 32
37 33
38 34
39 35
41 37
42 38
43 39
44 40
46 42
47 43
48 44
49 45
